$molecule
-2 6
  C    2.8297322   -1.7595021   -1.4488061
  C    3.7454547   -2.5905966   -0.8984079
  C    5.0248770   -2.5360870   -1.3250649
  C    5.4258932   -1.5814786   -2.2873515
  C    4.3864746   -0.8478640   -3.0040390
  C    3.0174446   -0.9967893   -2.5708788
  H    3.4842772   -3.2061768   -0.0480642
  O    1.8370829   -0.4095787   -3.0220890
  C    6.9026448   -1.2295459   -2.2656708
  O    7.2480690   -0.1363048   -2.6889229
  N    7.7727112   -1.9668593   -1.4866668
  H    7.5252687   -2.9111240   -1.1843124
  C    8.7281381   -1.3849738   -0.5491952
  H    9.4321793   -2.1992350   -0.2579201
  H    9.3310213   -0.5588740   -0.9759101
  C    7.9840284   -0.9807125    0.7651083
  H    8.7029320   -0.8994259    1.6123305
  H    7.2552104   -1.7792024    1.0356537
  C    7.2859833    0.3835004    0.6342145
  H    6.7050404    0.4593426   -0.2990609
  H    8.0864963    1.1515103    0.5731320
  N    6.4146506    0.7142198    1.7734369
  H    6.8255176    0.4603337    2.7029502
  C    4.0823255    1.1467327    2.4548750
  H    3.0294745    0.7988240    2.3657274
  H    4.3826357    1.0629165    3.5208240
  C    5.0228114    0.2473545    1.6285942
  H    4.9379171   -0.8074786    1.9665264
  H    4.6933221    0.2821951    0.5694182
  C    4.1796525    2.6302169    2.0472389
  H    3.6446276    3.2620017    2.7903454
  H    5.2454792    2.9402428    2.0719011
  C    3.5984617    2.9350199    0.6614074
  H    4.0097279    2.2736234   -0.1271311
  H    3.8936922    3.9733169    0.3939496
  N    2.1535422    2.9173755    0.6999536
  H    1.7002844    3.6104739    1.3169589
  C    1.3407950    2.1654413   -0.1952347
  O    1.8500722    1.1085875   -0.8929335
  C    0.0544560    2.5537348   -0.3515713
  H   -0.3152101    3.3894249    0.2389712
  C   -2.2197084    2.7076231   -1.5387046
  H   -2.7275754    2.6550193   -0.5450168
  H   -2.0596042    3.7806682   -1.7609091
  C   -3.2046512    2.1156188   -2.5363024
  O   -3.4695853    2.7550564   -3.5425421
  N   -3.8625389    0.9462308   -2.2735291
  C   -4.8765978    0.3644684   -3.1534819
  H   -3.6592552    0.4574335   -1.3929667
  C   -6.2175511    0.1763186   -2.4200242
  H   -4.5265056   -0.6409101   -3.4745668
  H   -5.0405016    0.9757409   -4.0652202
  C   -6.8349928    1.4959939   -1.9369108
  H   -6.9443898   -0.3492224   -3.0800833
  H   -6.0166868   -0.4669808   -1.5578852
  C   -8.1072668    1.3008846   -1.0787125
  H   -7.1011148    2.1108028   -2.8241637
  H   -6.0916462    2.0631130   -1.3425794
  H   -8.4878509    2.2997498   -0.7754388
  H   -8.9017083    0.8246971   -1.6952169
  C   -5.1838863   -2.0073960    0.7548762
  C   -3.7619352   -1.6442398    0.4635870
  O   -5.9428752   -2.3099926   -0.1506160
  C   -3.1974757   -0.7721567    1.4229023
  C   -2.9865715   -1.9737025   -0.7172771
  C   -1.9560161   -0.2909811    1.3036099
  C   -1.6715612   -1.4186498   -0.8314584
  C   -1.2412719   -0.6159743    0.2161940
  H   -1.5440753    0.3779238    2.0503261
  O   -0.7492948   -1.5579713   -1.8542383
  C   -0.8572521    2.0358736   -1.3990840
  O   -0.5033137    1.1140420   -2.1282803
  H    4.6434121   -0.1163652   -3.7631498
  O    1.7381295   -1.5570913   -0.7899961
  H   -3.3929607   -2.5971886   -1.5052834
  O   -0.0702650   -0.1019449    0.1530165
 Fe    0.6443537   -0.2640186   -1.4743674
  N   -7.9182734    0.4773156    0.1285642
  H   -7.8022071   -0.5220814   -0.1454869
  N   -5.6526755   -1.8439456    2.0362842
  H   -4.9978634   -1.7329061    2.8184931
  C   -6.9636494   -1.3400247    2.3661755
  H   -7.7592674   -1.7623302    1.7276320
  H   -7.1755334   -1.6463731    3.4147234
  C   -6.9323375    0.2203760    2.3778282
  H   -7.8666690    0.5938590    2.8440444
  H   -6.0846040    0.5747463    3.0134508
  C   -6.8056736    0.8910270    0.9962870
  H   -6.8289539    1.9956145    1.1445015
  H   -5.8284662    0.6386743    0.5326312
  H   -3.6893414   -0.3741199    2.2874421
  H    5.6528750   -3.1563129   -0.7248961
$end

$rem
   BASIS  =  gen
   DFT_D  =  D3_BJ
   GUI  =  2
   JOB_TYPE  =  Optimization
   METHOD  =  B3LYP
   SCF_CONVERGENCE  =  8
   SOLVENT_METHOD  =  PCM
 GEOM_OPT_MAX_CYCLES = 200
$end

$pcm
   THEORY  CPCM
$end

$solvent
   DIELECTRIC  78.39
$end

$van_der_waals
     26   2.44
$end

!----------------------------------------------------------------------
! Basis Set Exchange
! Basis set: cc-pVDZ
!----------------------------------------------------------------------

$rem
    BASIS GEN
    PURECART 11
$end

$basis
H     0
S   4   1.00
      1.301000D+01           1.968500D-02
      1.962000D+00           1.379770D-01
      4.446000D-01           4.781480D-01
      1.220000D-01           5.012400D-01
S   1   1.00
      1.220000D-01           1.000000D+00
P   1   1.00
      7.270000D-01           1.0000000
****
C     0
S   9   1.00
      6.665000D+03           6.920000D-04
      1.000000D+03           5.329000D-03
      2.280000D+02           2.707700D-02
      6.471000D+01           1.017180D-01
      2.106000D+01           2.747400D-01
      7.495000D+00           4.485640D-01
      2.797000D+00           2.850740D-01
      5.215000D-01           1.520400D-02
      1.596000D-01          -3.191000D-03
S   9   1.00
      6.665000D+03          -1.460000D-04
      1.000000D+03          -1.154000D-03
      2.280000D+02          -5.725000D-03
      6.471000D+01          -2.331200D-02
      2.106000D+01          -6.395500D-02
      7.495000D+00          -1.499810D-01
      2.797000D+00          -1.272620D-01
      5.215000D-01           5.445290D-01
      1.596000D-01           5.804960D-01
S   1   1.00
      1.596000D-01           1.000000D+00
P   4   1.00
      9.439000D+00           3.810900D-02
      2.002000D+00           2.094800D-01
      5.456000D-01           5.085570D-01
      1.517000D-01           4.688420D-01
P   1   1.00
      1.517000D-01           1.000000D+00
D   1   1.00
      5.500000D-01           1.0000000
****
N     0
S   9   1.00
      9.046000D+03           7.000000D-04
      1.357000D+03           5.389000D-03
      3.093000D+02           2.740600D-02
      8.773000D+01           1.032070D-01
      2.856000D+01           2.787230D-01
      1.021000D+01           4.485400D-01
      3.838000D+00           2.782380D-01
      7.466000D-01           1.544000D-02
      2.248000D-01          -2.864000D-03
S   9   1.00
      9.046000D+03          -1.530000D-04
      1.357000D+03          -1.208000D-03
      3.093000D+02          -5.992000D-03
      8.773000D+01          -2.454400D-02
      2.856000D+01          -6.745900D-02
      1.021000D+01          -1.580780D-01
      3.838000D+00          -1.218310D-01
      7.466000D-01           5.490030D-01
      2.248000D-01           5.788150D-01
S   1   1.00
      2.248000D-01           1.000000D+00
P   4   1.00
      1.355000D+01           3.991900D-02
      2.917000D+00           2.171690D-01
      7.973000D-01           5.103190D-01
      2.185000D-01           4.622140D-01
P   1   1.00
      2.185000D-01           1.000000D+00
D   1   1.00
      8.170000D-01           1.0000000
****
O     0
S   9   1.00
      1.172000D+04           7.100000D-04
      1.759000D+03           5.470000D-03
      4.008000D+02           2.783700D-02
      1.137000D+02           1.048000D-01
      3.703000D+01           2.830620D-01
      1.327000D+01           4.487190D-01
      5.025000D+00           2.709520D-01
      1.013000D+00           1.545800D-02
      3.023000D-01          -2.585000D-03
S   9   1.00
      1.172000D+04          -1.600000D-04
      1.759000D+03          -1.263000D-03
      4.008000D+02          -6.267000D-03
      1.137000D+02          -2.571600D-02
      3.703000D+01          -7.092400D-02
      1.327000D+01          -1.654110D-01
      5.025000D+00          -1.169550D-01
      1.013000D+00           5.573680D-01
      3.023000D-01           5.727590D-01
S   1   1.00
      3.023000D-01           1.000000D+00
P   4   1.00
      1.770000D+01           4.301800D-02
      3.854000D+00           2.289130D-01
      1.046000D+00           5.087280D-01
      2.753000D-01           4.605310D-01
P   1   1.00
      2.753000D-01           1.000000D+00
D   1   1.00
      1.185000D+00           1.0000000
****
Fe     0
S   20   1.00
      4.316265D+06           8.048803D-06
      6.463424D+05           6.258306D-05
      1.470897D+05           3.290239D-04
      4.166152D+04           1.387355D-03
      1.359077D+04           5.023256D-03
      4.905750D+03           1.610140D-02
      1.912746D+03           4.590034D-02
      7.926043D+02           1.136154D-01
      3.448065D+02           2.283869D-01
      1.558999D+02           3.221159D-01
      7.223091D+01           2.383661D-01
      3.272506D+01           7.404667D-02
      1.566762D+01           9.214197D-02
      7.503483D+00           9.339790D-02
      3.312223D+00           1.573965D-02
      1.558471D+00          -4.186682D-04
      6.839140D-01           5.376318D-05
      1.467570D-01          -3.816654D-05
      7.058300D-02           4.319603D-05
      3.144900D-02          -3.401019D-06
S   20   1.00
      4.316265D+06          -4.155954D-06
      6.463424D+05          -3.231401D-05
      1.470897D+05          -1.699525D-04
      4.166152D+04          -7.171369D-04
      1.359077D+04          -2.603625D-03
      4.905750D+03          -8.399109D-03
      1.912746D+03          -2.434109D-02
      7.926043D+02          -6.251948D-02
      3.448065D+02          -1.365929D-01
      1.558999D+02          -2.312707D-01
      7.223091D+01          -2.383734D-01
      3.272506D+01           3.123837D-02
      1.566762D+01           5.086818D-01
      7.503483D+00           4.987695D-01
      3.312223D+00           9.033552D-02
      1.558471D+00          -6.005337D-03
      6.839140D-01           2.312454D-04
      1.467570D-01          -5.643680D-04
      7.058300D-02           4.992260D-04
      3.144900D-02          -1.015293D-04
S   20   1.00
      4.316265D+06           9.532178D-07
      6.463424D+05           7.414605D-06
      1.470897D+05           3.898393D-05
      4.166152D+04           1.647152D-04
      1.359077D+04           5.985980D-04
      4.905750D+03           1.942390D-03
      1.912746D+03           5.687237D-03
      7.926043D+02           1.501329D-02
      3.448065D+02           3.452455D-02
      1.558999D+02           6.495820D-02
      7.223091D+01           7.716194D-02
      3.272506D+01          -1.873411D-02
      1.566762D+01          -3.009185D-01
      7.503483D+00          -4.554661D-01
      3.312223D+00           1.286463D-01
      1.558471D+00           7.183316D-01
      6.839140D-01           4.051743D-01
      1.467570D-01           2.168227D-02
      7.058300D-02          -8.343566D-03
      3.144900D-02           3.658979D-03
S   20   1.00
      4.316265D+06          -2.063008D-07
      6.463424D+05          -1.604169D-06
      1.470897D+05          -8.438437D-06
      4.166152D+04          -3.563151D-05
      1.359077D+04          -1.295998D-04
      4.905750D+03          -4.201534D-04
      1.912746D+03          -1.231954D-03
      7.926043D+02          -3.248922D-03
      3.448065D+02          -7.493717D-03
      1.558999D+02          -1.410102D-02
      7.223091D+01          -1.691600D-02
      3.272506D+01           4.218996D-03
      1.566762D+01           6.833810D-02
      7.503483D+00           1.098201D-01
      3.312223D+00          -4.009005D-02
      1.558471D+00          -2.174739D-01
      6.839140D-01          -2.465135D-01
      1.467570D-01           2.731435D-01
      7.058300D-02           5.748321D-01
      3.144900D-02           3.012713D-01
S   20   1.00
      4.316265D+06          -4.009367D-07
      6.463424D+05          -3.189255D-06
      1.470897D+05          -1.623079D-05
      4.166152D+04          -7.157920D-05
      1.359077D+04          -2.463958D-04
      4.905750D+03          -8.544907D-04
      1.912746D+03          -2.307593D-03
      7.926043D+02          -6.728292D-03
      3.448065D+02          -1.366165D-02
      1.558999D+02          -3.062240D-02
      7.223091D+01          -2.631137D-02
      3.272506D+01          -9.760183D-03
      1.566762D+01           1.801906D-01
      7.503483D+00           1.529634D-01
      3.312223D+00           5.505413D-02
      1.558471D+00          -9.551364D-01
      6.839140D-01           2.586813D-01
      1.467570D-01           1.834049D+00
      7.058300D-02          -9.333240D-01
      3.144900D-02          -6.981605D-01
S   1   1.00
      3.144900D-02           1.000000D+00
P   16   1.00
      1.774569D+04           4.100000D-05
      4.200721D+03           3.690000D-04
      1.364429D+03           2.129000D-03
      5.220806D+02           9.369000D-03
      2.214595D+02           3.309700D-02
      1.009096D+02           9.443100D-02
      4.840115D+01           2.080770D-01
      2.398536D+01           3.323330D-01
      1.218250D+01           3.329870D-01
      6.242298D+00           1.568430D-01
      3.110944D+00           2.154900D-02
      1.509958D+00          -2.095000D-03
      7.108450D-01          -1.739000D-03
      2.731900D-01          -3.000000D-04
      1.042330D-01           2.900000D-05
      3.829100D-02          -1.100000D-05
P   16   1.00
      1.774569D+04          -1.500000D-05
      4.200721D+03          -1.300000D-04
      1.364429D+03          -7.510000D-04
      5.220806D+02          -3.329000D-03
      2.214595D+02          -1.191200D-02
      1.009096D+02          -3.493300D-02
      4.840115D+01          -7.998900D-02
      2.398536D+01          -1.346360D-01
      1.218250D+01          -1.385980D-01
      6.242298D+00           3.027800D-02
      3.110944D+00           3.332160D-01
      1.509958D+00           4.561530D-01
      7.108450D-01           2.850510D-01
      2.731900D-01           4.614400D-02
      1.042330D-01          -3.249000D-03
      3.829100D-02           1.357000D-03
P   16   1.00
      1.774569D+04           5.000000D-06
      4.200721D+03           4.200000D-05
      1.364429D+03           2.410000D-04
      5.220806D+02           1.085000D-03
      2.214595D+02           3.831000D-03
      1.009096D+02           1.142300D-02
      4.840115D+01           2.579200D-02
      2.398536D+01           4.481800D-02
      1.218250D+01           4.459800D-02
      6.242298D+00          -1.117700D-02
      3.110944D+00          -1.381340D-01
      1.509958D+00          -1.882850D-01
      7.108450D-01          -1.073990D-01
      2.731900D-01           4.448630D-01
      1.042330D-01           6.402390D-01
      3.829100D-02           6.445700D-02
P   16   1.00
      1.774569D+04           3.000000D-06
      4.200721D+03           2.900000D-05
      1.364429D+03           1.650000D-04
      5.220806D+02           7.340000D-04
      2.214595D+02           2.626000D-03
      1.009096D+02           7.725000D-03
      4.840115D+01           1.773300D-02
      2.398536D+01           3.005500D-02
      1.218250D+01           3.109400D-02
      6.242298D+00          -1.004800D-02
      3.110944D+00          -8.830600D-02
      1.509958D+00          -1.298240D-01
      7.108450D-01          -7.693700D-02
      2.731900D-01           2.126610D-01
      1.042330D-01           5.730610D-01
      3.829100D-02           3.696510D-01
P   1   1.00
      3.829100D-02           1.000000D+00
D   8   1.00
      1.133440D+02           3.530000D-03
      3.364140D+01           2.578400D-02
      1.233100D+01           9.911900D-02
      4.994780D+00           2.390730D-01
      2.072800D+00           3.571990D-01
      8.307530D-01           3.621880D-01
      3.091780D-01           2.364610D-01
      1.001300D-01           6.011800D-02
D   8   1.00
      1.133440D+02          -3.890000D-03
      3.364140D+01          -2.844200D-02
      1.233100D+01          -1.124290D-01
      4.994780D+00          -2.742570D-01
      2.072800D+00          -3.155460D-01
      8.307530D-01           5.710900D-02
      3.091780D-01           5.636040D-01
      1.001300D-01           3.846370D-01
D   1   1.00
      1.001300D-01           1.000000D+00
F   2   1.00
      3.224300D+00           4.222490D-01
      7.758000D-01           7.714680D-01
****
$end


