$molecule
-3 6
  N   -2.4975600    2.6088570   -0.7487940
  C   -4.4232520   -2.3585430   -0.1703010
  H   -4.9664470   -2.9405750    0.5902580
  N   -2.9918200   -2.3855470    0.1543420
  H   -2.4562330   -2.8609470   -0.5705620
  C   -4.6037490   -3.0995860   -1.5291730
  O   -5.8016180   -3.1992180   -1.9661050
  C   -2.4263810   -1.9710040    1.3105610
  O   -3.0887730   -1.3818410    2.2195100
  C   -2.0431190    3.6144800    0.0014300
  C   -2.7868550    4.9172460    0.1052070
  H   -2.8799780    5.4089350   -0.8692440
  H   -3.7946590    4.7784850    0.5103640
  H   -2.2303930    5.5743290    0.7741780
  C   -0.9577680   -2.3264210    1.5089550
  H   -0.5909880   -2.9766990    0.7112200
  H   -0.9067660   -2.8883020    2.4494660
  C    0.0356080   -1.1356240    1.6217410
  C   -0.3938260   -0.1488060    2.7452010
  C    1.4549300   -1.6660450    2.0182870
  H    1.3536610   -2.3725150    2.8491720
  H    2.0421550   -0.8168890    2.3825460
  C    2.1939200   -2.3394890    0.8729720
  O    1.7526500   -3.3782780    0.2934050
  N    3.3649140   -1.7584430    0.5287760
  H    3.7502600   -0.9763000    1.0528450
  C    5.6452940   -1.5096280   -0.2931120
  O    6.6100450   -1.8981020   -1.0333580
  N    2.4007850    2.0889700   -1.0222420
  C    2.7347040    2.2636510    0.2550130
  C    4.1520440    2.5267180    0.6692690
  H    4.1392810    3.0529730    1.6258790
  H    4.6991930    1.5823530    0.7968880
  H    4.6928040    3.1342930   -0.0615870
  C    3.2933570    1.9460380   -2.1867260
  H    2.6444340    2.0713980   -3.0560120
  H    4.0169940    2.7683000   -2.1836200
  C    4.0193920    0.5869730   -2.2114710
  H    4.6660530    0.5651560   -3.1001350
  H    4.6791830    0.5332620   -1.3405010
  C    3.0606450   -0.6198230   -2.2173590
  H    2.2844140   -0.4654720   -1.4596550
  H    2.5431500   -0.6591880   -3.1873600
  C    3.7231460   -1.9887570   -1.9612080
  H    2.9755350   -2.7675070   -2.1532010
  H    4.5583110   -2.1600330   -2.6522770
  C    4.2748030   -2.2107760   -0.5212570
  H    4.4465500   -3.2894630   -0.4065880
  C   -4.7429590    1.5033020   -0.9207280
  H   -4.8162660    1.6963000    0.1589310
  H   -5.7352160    1.7152350   -1.3430550
  C   -3.7454250    2.5173790   -1.5190270
  H   -4.1855710    3.5164230   -1.5516230
  H   -3.4740500    2.2350780   -2.5425650
  C   -4.3595720    0.0267170   -1.1633330
  H   -3.2783280   -0.0637860   -1.0387820
  H   -4.5924520   -0.2451170   -2.2034090
  C   -5.0518850   -0.9444230   -0.1953820
  H   -4.9970230   -0.5395630    0.8210600
  H   -6.1107080   -1.0703560   -0.4521150
  O   -3.5370010   -3.5543540   -2.0939230
  O    5.6949400   -0.5912770    0.6175580
  O    0.1252370   -0.4158220    0.3949850
 Fe   -0.0681860    1.4869600    0.3850730
  O   -0.6087150    1.0857690    2.3262360
  O   -1.7088920    1.4407770   -0.7483740
  O   -0.9243260    3.4352650    0.6383320
  O    1.0294480    1.8530080   -1.2747030
  O   -0.4507160   -0.5194540    3.9458500
  O    1.7881450    2.1761360    1.1475450
$end

$rem
   BASIS  =  gen
   DFT_D  =  D3_BJ
   GUI  =  2
   JOB_TYPE  =  Optimization
   METHOD  =  B3LYP
   BASIS GEN
   PURECART 11
   SCF_CONVERGENCE  =  8
   SOLVENT_METHOD  =  PCM
$end

C_FeABO_ccL_3sextet_SfS_b3lypD3bj_ccpVDZ_pcmH2O_opt.out$pcm
   THEORY  CPCM
$end

$solvent
   DIELECTRIC  78.39
$end

$van_der_waals
     26   2.44
$end

$basis
H     0
S   4   1.00
      1.301000D+01           1.968500D-02
      1.962000D+00           1.379770D-01
      4.446000D-01           4.781480D-01
      1.220000D-01           5.012400D-01
S   1   1.00
      1.220000D-01           1.000000D+00
P   1   1.00
      7.270000D-01           1.0000000
****
C     0
S   9   1.00
      6.665000D+03           6.920000D-04
      1.000000D+03           5.329000D-03
      2.280000D+02           2.707700D-02
      6.471000D+01           1.017180D-01
      2.106000D+01           2.747400D-01
      7.495000D+00           4.485640D-01
      2.797000D+00           2.850740D-01
      5.215000D-01           1.520400D-02
      1.596000D-01          -3.191000D-03
S   9   1.00
      6.665000D+03          -1.460000D-04
      1.000000D+03          -1.154000D-03
      2.280000D+02          -5.725000D-03
      6.471000D+01          -2.331200D-02
      2.106000D+01          -6.395500D-02
      7.495000D+00          -1.499810D-01
      2.797000D+00          -1.272620D-01
      5.215000D-01           5.445290D-01
      1.596000D-01           5.804960D-01
S   1   1.00
      1.596000D-01           1.000000D+00
P   4   1.00
      9.439000D+00           3.810900D-02
      2.002000D+00           2.094800D-01
      5.456000D-01           5.085570D-01
      1.517000D-01           4.688420D-01
P   1   1.00
      1.517000D-01           1.000000D+00
D   1   1.00
      5.500000D-01           1.0000000
****
N     0
S   9   1.00
      9.046000D+03           7.000000D-04
      1.357000D+03           5.389000D-03
      3.093000D+02           2.740600D-02
      8.773000D+01           1.032070D-01
      2.856000D+01           2.787230D-01
      1.021000D+01           4.485400D-01
      3.838000D+00           2.782380D-01
      7.466000D-01           1.544000D-02
      2.248000D-01          -2.864000D-03
S   9   1.00
      9.046000D+03          -1.530000D-04
      1.357000D+03          -1.208000D-03
      3.093000D+02          -5.992000D-03
      8.773000D+01          -2.454400D-02
      2.856000D+01          -6.745900D-02
      1.021000D+01          -1.580780D-01
      3.838000D+00          -1.218310D-01
      7.466000D-01           5.490030D-01
      2.248000D-01           5.788150D-01
S   1   1.00
      2.248000D-01           1.000000D+00
P   4   1.00
      1.355000D+01           3.991900D-02
      2.917000D+00           2.171690D-01
      7.973000D-01           5.103190D-01
      2.185000D-01           4.622140D-01
P   1   1.00
      2.185000D-01           1.000000D+00
D   1   1.00
      8.170000D-01           1.0000000
****
O     0
S   9   1.00
      1.172000D+04           7.100000D-04
      1.759000D+03           5.470000D-03
      4.008000D+02           2.783700D-02
      1.137000D+02           1.048000D-01
      3.703000D+01           2.830620D-01
      1.327000D+01           4.487190D-01
      5.025000D+00           2.709520D-01
      1.013000D+00           1.545800D-02
      3.023000D-01          -2.585000D-03
S   9   1.00
      1.172000D+04          -1.600000D-04
      1.759000D+03          -1.263000D-03
      4.008000D+02          -6.267000D-03
      1.137000D+02          -2.571600D-02
      3.703000D+01          -7.092400D-02
      1.327000D+01          -1.654110D-01
      5.025000D+00          -1.169550D-01
      1.013000D+00           5.573680D-01
      3.023000D-01           5.727590D-01
S   1   1.00
      3.023000D-01           1.000000D+00
P   4   1.00
      1.770000D+01           4.301800D-02
      3.854000D+00           2.289130D-01
      1.046000D+00           5.087280D-01
      2.753000D-01           4.605310D-01
P   1   1.00
      2.753000D-01           1.000000D+00
D   1   1.00
      1.185000D+00           1.0000000
****
Fe     0
S   20   1.00
      4.316265D+06           8.048803D-06
      6.463424D+05           6.258306D-05
      1.470897D+05           3.290239D-04
      4.166152D+04           1.387355D-03
      1.359077D+04           5.023256D-03
      4.905750D+03           1.610140D-02
      1.912746D+03           4.590034D-02
      7.926043D+02           1.136154D-01
      3.448065D+02           2.283869D-01
      1.558999D+02           3.221159D-01
      7.223091D+01           2.383661D-01
      3.272506D+01           7.404667D-02
      1.566762D+01           9.214197D-02
      7.503483D+00           9.339790D-02
      3.312223D+00           1.573965D-02
      1.558471D+00          -4.186682D-04
      6.839140D-01           5.376318D-05
      1.467570D-01          -3.816654D-05
      7.058300D-02           4.319603D-05
      3.144900D-02          -3.401019D-06
S   20   1.00
      4.316265D+06          -4.155954D-06
      6.463424D+05          -3.231401D-05
      1.470897D+05          -1.699525D-04
      4.166152D+04          -7.171369D-04
      1.359077D+04          -2.603625D-03
      4.905750D+03          -8.399109D-03
      1.912746D+03          -2.434109D-02
      7.926043D+02          -6.251948D-02
      3.448065D+02          -1.365929D-01
      1.558999D+02          -2.312707D-01
      7.223091D+01          -2.383734D-01
      3.272506D+01           3.123837D-02
      1.566762D+01           5.086818D-01
      7.503483D+00           4.987695D-01
      3.312223D+00           9.033552D-02
      1.558471D+00          -6.005337D-03
      6.839140D-01           2.312454D-04
      1.467570D-01          -5.643680D-04
      7.058300D-02           4.992260D-04
      3.144900D-02          -1.015293D-04
S   20   1.00
      4.316265D+06           9.532178D-07
      6.463424D+05           7.414605D-06
      1.470897D+05           3.898393D-05
      4.166152D+04           1.647152D-04
      1.359077D+04           5.985980D-04
      4.905750D+03           1.942390D-03
      1.912746D+03           5.687237D-03
      7.926043D+02           1.501329D-02
      3.448065D+02           3.452455D-02
      1.558999D+02           6.495820D-02
      7.223091D+01           7.716194D-02
      3.272506D+01          -1.873411D-02
      1.566762D+01          -3.009185D-01
      7.503483D+00          -4.554661D-01
      3.312223D+00           1.286463D-01
      1.558471D+00           7.183316D-01
      6.839140D-01           4.051743D-01
      1.467570D-01           2.168227D-02
      7.058300D-02          -8.343566D-03
      3.144900D-02           3.658979D-03
S   20   1.00
      4.316265D+06          -2.063008D-07
      6.463424D+05          -1.604169D-06
      1.470897D+05          -8.438437D-06
      4.166152D+04          -3.563151D-05
      1.359077D+04          -1.295998D-04
      4.905750D+03          -4.201534D-04
      1.912746D+03          -1.231954D-03
      7.926043D+02          -3.248922D-03
      3.448065D+02          -7.493717D-03
      1.558999D+02          -1.410102D-02
      7.223091D+01          -1.691600D-02
      3.272506D+01           4.218996D-03
      1.566762D+01           6.833810D-02
      7.503483D+00           1.098201D-01
      3.312223D+00          -4.009005D-02
      1.558471D+00          -2.174739D-01
      6.839140D-01          -2.465135D-01
      1.467570D-01           2.731435D-01
      7.058300D-02           5.748321D-01
      3.144900D-02           3.012713D-01
S   20   1.00
      4.316265D+06          -4.009367D-07
      6.463424D+05          -3.189255D-06
      1.470897D+05          -1.623079D-05
      4.166152D+04          -7.157920D-05
      1.359077D+04          -2.463958D-04
      4.905750D+03          -8.544907D-04
      1.912746D+03          -2.307593D-03
      7.926043D+02          -6.728292D-03
      3.448065D+02          -1.366165D-02
      1.558999D+02          -3.062240D-02
      7.223091D+01          -2.631137D-02
      3.272506D+01          -9.760183D-03
      1.566762D+01           1.801906D-01
      7.503483D+00           1.529634D-01
      3.312223D+00           5.505413D-02
      1.558471D+00          -9.551364D-01
      6.839140D-01           2.586813D-01
      1.467570D-01           1.834049D+00
      7.058300D-02          -9.333240D-01
      3.144900D-02          -6.981605D-01
S   1   1.00
      3.144900D-02           1.000000D+00
P   16   1.00
      1.774569D+04           4.100000D-05
      4.200721D+03           3.690000D-04
      1.364429D+03           2.129000D-03
      5.220806D+02           9.369000D-03
      2.214595D+02           3.309700D-02
      1.009096D+02           9.443100D-02
      4.840115D+01           2.080770D-01
      2.398536D+01           3.323330D-01
      1.218250D+01           3.329870D-01
      6.242298D+00           1.568430D-01
      3.110944D+00           2.154900D-02
      1.509958D+00          -2.095000D-03
      7.108450D-01          -1.739000D-03
      2.731900D-01          -3.000000D-04
      1.042330D-01           2.900000D-05
      3.829100D-02          -1.100000D-05
P   16   1.00
      1.774569D+04          -1.500000D-05
      4.200721D+03          -1.300000D-04
      1.364429D+03          -7.510000D-04
      5.220806D+02          -3.329000D-03
      2.214595D+02          -1.191200D-02
      1.009096D+02          -3.493300D-02
      4.840115D+01          -7.998900D-02
      2.398536D+01          -1.346360D-01
      1.218250D+01          -1.385980D-01
      6.242298D+00           3.027800D-02
      3.110944D+00           3.332160D-01
      1.509958D+00           4.561530D-01
      7.108450D-01           2.850510D-01
      2.731900D-01           4.614400D-02
      1.042330D-01          -3.249000D-03
      3.829100D-02           1.357000D-03
P   16   1.00
      1.774569D+04           5.000000D-06
      4.200721D+03           4.200000D-05
      1.364429D+03           2.410000D-04
      5.220806D+02           1.085000D-03
      2.214595D+02           3.831000D-03
      1.009096D+02           1.142300D-02
      4.840115D+01           2.579200D-02
      2.398536D+01           4.481800D-02
      1.218250D+01           4.459800D-02
      6.242298D+00          -1.117700D-02
      3.110944D+00          -1.381340D-01
      1.509958D+00          -1.882850D-01
      7.108450D-01          -1.073990D-01
      2.731900D-01           4.448630D-01
      1.042330D-01           6.402390D-01
      3.829100D-02           6.445700D-02
P   16   1.00
      1.774569D+04           3.000000D-06
      4.200721D+03           2.900000D-05
      1.364429D+03           1.650000D-04
      5.220806D+02           7.340000D-04
      2.214595D+02           2.626000D-03
      1.009096D+02           7.725000D-03
      4.840115D+01           1.773300D-02
      2.398536D+01           3.005500D-02
      1.218250D+01           3.109400D-02
      6.242298D+00          -1.004800D-02
      3.110944D+00          -8.830600D-02
      1.509958D+00          -1.298240D-01
      7.108450D-01          -7.693700D-02
      2.731900D-01           2.126610D-01
      1.042330D-01           5.730610D-01
      3.829100D-02           3.696510D-01
P   1   1.00
      3.829100D-02           1.000000D+00
D   8   1.00
      1.133440D+02           3.530000D-03
      3.364140D+01           2.578400D-02
      1.233100D+01           9.911900D-02
      4.994780D+00           2.390730D-01
      2.072800D+00           3.571990D-01
      8.307530D-01           3.621880D-01
      3.091780D-01           2.364610D-01
      1.001300D-01           6.011800D-02
D   8   1.00
      1.133440D+02          -3.890000D-03
      3.364140D+01          -2.844200D-02
      1.233100D+01          -1.124290D-01
      4.994780D+00          -2.742570D-01
      2.072800D+00          -3.155460D-01
      8.307530D-01           5.710900D-02
      3.091780D-01           5.636040D-01
      1.001300D-01           3.846370D-01
D   1   1.00
      1.001300D-01           1.000000D+00
F   2   1.00
      3.224300D+00           4.222490D-01
      7.758000D-01           7.714680D-01
****
$end


